'msd_100X_Striatum_Video1_TRITC.csv'
11, 17, 15, 19, 20, 14, 18, 9, 4, 33, 27, 28, 29, 30, 31, 34, 24, 26, 2, 8, 10

msd_100X_OGD_Striatum_Slice2_Video4.csv
10, 11, 12, 13, 14, 15, 16, 17, 18, 19, 6, 8, 22, 23, 24, 25

msd_100X_OGD_Striatum_Slice2_Video1.csv
0, 3, 6, 7, 9, 10, 30, 34, 37, 17, 14, 24, 33, 28, 56, 58, 
    42, 43, 44, 46, 49, 20, 40, 45, 47, 48, 50, 52, 54, 29

msd_100X_OGD_Striatum_Slice2_Video3.csv
    3, 4, 5, 6, 7, 13, 15

msd_100X_OGD_Striatum_Slice1_Video1.csv
7, 9, 13, 10, 11, 2, 3, 5, 6, 24, 25, 27, 29, 17, 18

msd_100X_OGD_Striatum_Slice1_Video2.csv
2, 29, 24, 10, 5, 7, 9, 11, 13, 15, 18, 20, 21, 23, 25, 16, 19, 36, 51, 39, 48, 50,
42, 45, 34

msd_100X_OGD_Striatum_Slice1_Video3.csv
2, 4, 6, 8, 29, 30, 34, 46, 31, 33, 35, 39, 7, 23, 43, 20, 21, 59, 61, 67, 71,
69, 70, 36, 37, 40, 44, 47, 55, 56, 62

msd_100X_Striatum_OGD_QD-BEV_Slice1_Video2.csv
32, 6, 10, 11, 12, 14, 15, 16, 26, 34, 38, 25, 28, 29, 30, 20, 9, 8

msd_100X_Striatum_OGD_QD-BEV_Slice1_Video3.csv
59, 60, 50, 51, 52, 54, 56, 57, 58, 63, 64, 65, 68, 69, 70, 71, 72, 73, 74, 75, 76, 78, 80, 81, 79, 82, 84, 85, 86, 87, 89, 90, 91, 92, 93, 94, 96,
62, 66, 67, 88, 28, 35, 37, 40, 46, 49, 34, 23, 105, 48,41, 14, 33, 10, 47, 3, 45,24, 36, 39,
31, 30, 7, 9, 11, 17, 127, 98, 113, 115, 134, 136, 128, 132, 118, 121, 133, 135, 138, 126,
122, 114, 150

msd_100X_OGD_Striatum_Slice1_Video4.csv
58, 14, 15, 18, 26, 29, 32, 55, 12, 19, 8, 41, 42, 44, 46, 45, 37, 40, 49, 50, 51, 9,
13, 16, 7, 11, 20, 23, 24

msd_100X_OGD_Striatum_Slice1_Video5.csv
18, 20, 26, 28, 35, 39, 40, 45, 47, 49, 8, 16, 17, 21, 24, 30, 48, 51, 32, 37, 41, 43,
34, 2, 4, 5, 7, 9, 11

msd_100X_OGD_Striatum_Slice3_Video1.csv
19, 20, 21, 1, 2, 7, 8, 9, 10, 13, 16, 17

msd_100X_OGD_Striatum_Slice3_Video3.csv
5, 3, 6, 8, 11, 13, 15, 16, 22, 23, 24, 26, 27, 12, 21, 19, 20

msd_100X_OGD_Striatum_Slice3_Video2.csv
15,16, 20, 22, 23, 6, 8, 2, 10, 5, 19, 17, 14

msd_100X_OGD_QD-BEV_Striatum_Slice2_Video4.csv
35, 41, 21, 2, 3, 7, 9, 12, 14, 15, 16, 6, 8, 10, 11, 42, 38, 28, 39,
    26, 28, 30, 31, 32, 33, 36, 37

msd_100X_Striatum_Video4.csv
10, 16, 18, 19, 21, 6, 13, 14, 22, 31, 33, 36, 26, 28, 30, 32, 27,
    38, 39, 57, 60, 62, 48, 52, 47, 59, 63, 50, 53, 54, 66, 41, 58, 61, 5

msd_100X_Striatum_Video1.csv
    2, 13, 11, 5, 7, 16, 17, 18, 19, 20

msd_100X_QD-BEV_Video2.csv
    67, 68, 72, 78, 40, 51, 48, 38, 59, 5, 14, 64, 11, 4, 9, 18, 10, 16, 35, 25, 8, 19, 21

msd_100X_Striatum_Video2.csv
    7, 9, 5, 15, 

msd_100X_Striatum_Video3.csv
31, 32, 40, 30, 35, 37, 41, 42, 44, 45, 46, 47, 15, 18, 19, 61, 56,
50, 53, 57, 58, 59, 60, 38, 43, 55, 36, 0, 3, 7, 8, 9, 10, 11, 16, 23,
27, 26, 

msd_100X_QD-BEV_Video1.csv
2, 3, 5, 7, 8, 9, 10, 11, 12, 13, 14, 15, 16, 17, 18, 19, 21, 41, 6, 20,
25, 27, 28, 30, 31, 32, 33, 34, 29, 23, 24, 26, 35, 37, 38, 39

msd_100X_Striatum_Slice2_Video1.csv
43, 44, 45, 46, 47, 48, 49, 50, 51, 52, 53, 36, 37, 33, 
5, 7, 8, 9, 35, 38, 39, 41, 13, 6, 3, 10, 11, 12, 22, 18, 19, 23, 24,
21, 30, 27, 28

msd_100X_Healthy_Slice1_Striatum_Video3.csv
22, 23, 24, 1, 2, 3, 4, 6, 10, 7, 8, 15, 16, 12, 18, 19

msd_100X_Striatum_Slice2_Video2.csv
    20, 22, 7, 8, 9, 10, 11, 12, 13, 4, 6, 16

msd_100X_Healthy_Slice1_Video4_Striatum.csv
23, 24, 25, 26, 27, 28, 18, 19, 20, 2, 4, 7, 8, 15, 31, 32, 33,
3, 5, 6, 9, 10, 11, 12, 14

msd_100X_Striatum_Slice2_Video3.csv
29, 30, 31, 39, 41, 44, 46, 36, 38, 43, 59, 64, 69, 55, 56, 58, 60, 
19, 20, 23, 9, 12, 25, 27, 26, 1, 2, 4, 6, 11, 13, 42, 32, 34, 10, 52,
63, 65, 67, 70, 74, 24, 54, 62, 66, 68, 73

msd_100X_QD-BEV_Video4.csv
70, 71, 72, 38, 39, 42, 44, 47, 19, 52, 54, 61, 67, 18, 55, 57, 14, 17, 56, 58, 62, 63, 66, 35,
36, 16, 22, 32, 5, 10, 13, 15, 21, 23, 25, 26, 27

msd_100X_Cortex_Slice2_Video4.csv
55, 56, 60, 64, 66, 59, 61, 63, 67, 68, 53, 21, 23, 31, 33, 36, 19, 25, 27,
10, 11, 47, 50, 51, 52, 49, 5, 42, 43, 44, 28

msd_100X_Cortex_Slice2_Video3.csv
 13, 40, 41, 42, 18, 31, 45, 48, 50, 51, 26, 19, 22, 46, 47, 49,
2, 4, 5, 6, 7, 8, 9, 10, 11, 24, 27, 28, 30, 32, 21, 14, 20, 23, 25

msd_100X_Cortex_Video1.csv
14, 12, 6, 7, 8, 10, 2, 3

msd_100X_Cortex_Slice2_Video1.csv
19, 20, 9, 10, 12, 13, 1, 3, 4, 5, 18

msd_100X_OGD_Cortex_Slice2_Video1.csv
0, 2, 3, 4,5, 7, 8, 10, 17, 19, 20, 22, 28, 29, 31, 33, 35, 36, 38, 39, 47, 50, 51, 52, 53, 56, 58, 60, 61, 63, 65, 
66, 67, 68, 70, 72, 75, 76, 77, 78, 79, 80, 81, 9, 69, 74,
55, 57, 62, 64, 71, 49, 42, 15, 40, 34, 16, 18, 24, 27, 32, 37, 13, 14, 88, 92, 86, 93, 89

msd_100X_OGD_Cortex_Slice2_Video2.csv
0, 1, 2, 3, 4, 5, 6, 8, 9, 10, 11, 21, 13, 14, 15, 24, 26, 27, 28, 25, 23, 18

msd_100X_Cortex_OGD_QD-BEV_Slice1_Video2.csv
46, 58, 63, 40, 41, 47, 51, 52, 53, 32, 33, 34, 35, 38, 49, 56, 62,
83, 90, 96, 84, 89, 92, 102, 113, 60, 36, 39, 86, 88, 97, 111, 66, 3, 19, 12, 8, 27, 29, 21,
26, 17, 22, 14, 69, 70, 73, 74, 7, 28, 87, 91, 101, 103, 106, 108, 112, 117, 115, 
98, 104, 105, 107, 116

msd_100X_OGD_QD-BEV_Cortex_Slice2_Video3.csv
120, 122, 130, 88, 89, 93, 95, 96, 97, 99, 100, 102, 110, 111, 112, 
1, 2, 4, 5, 6, 7, 9, 10, 13, 15, 16, 17, 18, 21, 22, 23, 24, 28, 29, 30, 31, 33, 35, 36, 37, 38,
92, 106, 109, 98, 101, 105, 107, 108, 91, 12, 19, 27, 32, 8, 11, 34, 65, 68, 74, 61, 
78, 83, 53, 60, 64, 66, 81, 58, 73, 84, 137, 46, 49, 50, 52, 56, 59, 67, 72, 76, 77, 51, 48, 
69, 47, 131, 132, 133, 136, 124

msd_100X_Cortex_OGD_QD-BEV_Slice1_Video4.csv
1, 21, 22, 23, 24, 25, 26, 20, 29, 33, 28, 30, 32, 34, 35, 41, 48, 40, 43, 44,
49, 5, 6, 7

msd_100X_OGD_Cortex_Slice3_Video1.csv
2, 3, 4, 9, 15, 16, 17, 6, 7





